PLAYER:asfsg
25.000000
0.000000 -25.000000
1095.000000 350.000000
0
3
820.000000 250.000000
820.000000 275.000000
820.000000 300.000000
PLAYER:bghbgb
25.000000
0.000000 -25.000000
545.000000 600.000000
0
3
620.000000 250.000000
620.000000 275.000000
620.000000 300.000000
PLAYER:duy
25.000000
0.000000 -25.000000
770.000000 525.000000
0
3
720.000000 250.000000
720.000000 275.000000
720.000000 300.000000
PLAYER:hoa
25.000000
0.000000 25.000000
270.000000 550.000000
20
5
1045.000000 775.000000
1045.000000 750.000000
1045.000000 725.000000
1020.000000 725.000000
995.000000 725.000000
PLAYER:khang
25.000000
0.000000 -25.000000
495.000000 575.000000
0
3
895.000000 250.000000
895.000000 275.000000
895.000000 300.000000
PLAYER:phu1
25.000000
0.000000 25.000000
320.000000 525.000000
10
4
920.000000 750.000000
920.000000 775.000000
920.000000 750.000000
920.000000 725.000000
PLAYER:phu123
25.000000
-25.000000 0.000000
1045.000000 775.000000
20
5
745.000000 575.000000
770.000000 575.000000
795.000000 575.000000
820.000000 575.000000
845.000000 575.000000
PLAYER:phu2
25.000000
-0.000000 25.000000
270.000000 550.000000
0
3
520.000000 250.000000
520.000000 275.000000
520.000000 300.000000
PLAYER:phu3
25.000000
0.000000 -25.000000
320.000000 775.000000
70
10
895.000000 250.000000
895.000000 275.000000
895.000000 300.000000
895.000000 325.000000
895.000000 350.000000
895.000000 375.000000
895.000000 400.000000
895.000000 425.000000
870.000000 425.000000
870.000000 450.000000
PLAYER:phu789
25.000000
0.000000 25.000000
945.000000 500.000000
10
4
645.000000 775.000000
645.000000 750.000000
645.000000 725.000000
645.000000 700.000000
PLAYER:phu89
25.000000
25.000000 0.000000
995.000000 725.000000
0
3
1195.000000 375.000000
1170.000000 375.000000
1145.000000 375.000000
PLAYER:phu8910
25.000000
0.000000 -25.000000
645.000000 725.000000
0
3
745.000000 250.000000
745.000000 275.000000
745.000000 300.000000
PLAYER:phuc
25.000000
0.000000 -25.000000
1020.000000 775.000000
80
11
995.000000 250.000000
995.000000 275.000000
995.000000 300.000000
995.000000 325.000000
970.000000 325.000000
945.000000 325.000000
920.000000 325.000000
895.000000 325.000000
895.000000 350.000000
870.000000 350.000000
870.000000 375.000000
PLAYER:puh
25.000000
0.000000 -25.000000
295.000000 750.000000
140
17
1145.000000 250.000000
1145.000000 275.000000
1145.000000 300.000000
1145.000000 325.000000
1145.000000 350.000000
1145.000000 375.000000
1145.000000 400.000000
1145.000000 425.000000
1145.000000 450.000000
1145.000000 475.000000
1145.000000 500.000000
1145.000000 525.000000
1145.000000 550.000000
1145.000000 575.000000
1120.000000 575.000000
1095.000000 575.000000
1070.000000 575.000000
PLAYER:trinh
25.000000
25.000000 0.000000
370.000000 325.000000
10
4
1195.000000 450.000000
1170.000000 450.000000
1145.000000 450.000000
1120.000000 450.000000
